-0.137932 514729
-0.137658335288368 -920479
-0.137384670576735 -83446
-0.137111005865103 -2023312
-0.13683734115347 -1118000
-0.136563676441838 -613949
-0.136290011730205 921104
-0.136016347018573 -724625
-0.13574268230694 -986389
-0.135469017595308 -1276649
-0.135195352883675 -1605739
-0.134921688172043 -1714905
-0.134648023460411 -264793
-0.134374358748778 -2369338
-0.134100694037146 -786821
-0.133827029325513 -1779555
-0.133553364613881 -1842995
-0.133279699902248 -1085231
-0.133006035190616 -588119
-0.132732370478983 -1815909
-0.132458705767351 -1458081
-0.132185041055718 -739229
-0.131911376344086 -1671019
-0.131637711632454 -694643
-0.131364046920821 -1523283
-0.131090382209189 -1314520
-0.130816717497556 -1707641
-0.130543052785924 -1470691
-0.130269388074291 -2080544
-0.129995723362659 -1358639
-0.129722058651026 -2362957
-0.129448393939394 -424069
-0.129174729227761 -2088819
-0.128901064516129 -1470739
-0.128627399804497 -1335609
-0.128353735092864 -686917
-0.128080070381232 867012
-0.127806405669599 -1432623
-0.127532740957967 -642664
-0.127259076246334 -2055989
-0.126985411534702 -1529223
-0.126711746823069 -1600942
-0.126438082111437 -1045813
-0.126164417399804 -2215872
-0.125890752688172 -1418866
-0.12561708797654 -1167652
-0.125343423264907 -1543404
-0.125069758553275 -1601872
-0.124796093841642 -821569
-0.12452242913001 -1448288
-0.124248764418377 -6558
-0.123975099706745 -513147
-0.123701434995112 -429513
-0.12342777028348 -48977
-0.123154105571847 -935311
-0.122880440860215 695582
-0.122606776148583 -449701
-0.12233311143695 -688688
-0.122059446725318 -695259
-0.121785782013685 -480535
-0.121512117302053 -1445180
-0.12123845259042 -399957
-0.120964787878788 -690595
-0.120691123167155 -1098014
-0.120417458455523 44303
-0.120143793743891 -1520607
-0.119870129032258 -414545
-0.119596464320626 1462007
-0.119322799608993 1590173
-0.119049134897361 975353
-0.118775470185728 -1344603
-0.118501805474096 -478568
-0.118228140762463 864941
-0.117954476050831 725898
-0.117680811339198 454490
-0.117407146627566 766780
-0.117133481915934 3532
-0.116859817204301 565196
-0.116586152492669 2087278
-0.116312487781036 711420
-0.116038823069404 1359407
-0.115765158357771 1586464
-0.115491493646139 1684687
-0.115217828934506 1149122
-0.114944164222874 1375910
-0.114670499511241 3139441
-0.114396834799609 2324829
-0.114123170087977 3527245
-0.113849505376344 4473216
-0.113575840664712 3339351
-0.113302175953079 4358167
-0.113028511241447 3510425
-0.112754846529814 4514995
-0.112481181818182 4046370
-0.112207517106549 5225815
-0.111933852394917 4929461
-0.111660187683284 5561842
-0.111386522971652 5855008
-0.11111285826002 8265267
-0.110839193548387 7429906
-0.110565528836755 6826027
-0.110291864125122 7746007
-0.11001819941349 8524437
-0.109744534701857 9112869
-0.109470869990225 9308144
-0.109197205278592 9162101
-0.10892354056696 10692045
-0.108649875855327 11726301
-0.108376211143695 13342613
-0.108102546432063 12596609
-0.10782888172043 13394075
-0.107555217008798 13917344
-0.107281552297165 14558124
-0.107007887585533 14569192
-0.1067342228739 15777122
-0.106460558162268 16030020
-0.106186893450635 18962622
-0.105913228739003 19123924
-0.10563956402737 20167320
-0.105365899315738 21013218
-0.105092234604106 20571288
-0.104818569892473 20876154
-0.104544905180841 24116184
-0.104271240469208 24284196
-0.103997575757576 24662324
-0.103723911045943 26392068
-0.103450246334311 28271040
-0.103176581622678 28649338
-0.102902916911046 29282420
-0.102629252199413 30115552
-0.102355587487781 30467976
-0.102081922776149 31885238
-0.101808258064516 34098432
-0.101534593352884 32820396
-0.101260928641251 36683752
-0.100987263929619 39135296
-0.100713599217986 38322452
-0.100439934506354 39403176
-0.100166269794721 41262424
-0.0998926050830889 39997812
-0.0996189403714565 42052648
-0.099345275659824 44361688
-0.0990716109481916 44611400
-0.0987979462365591 46095164
-0.0985242815249267 48776284
-0.0982506168132942 47550320
-0.0979769521016618 50549400
-0.0977032873900293 49760168
-0.0974296226783969 52648772
-0.0971559579667644 53073280
-0.096882293255132 55621712
-0.0966086285434995 56861784
-0.096334963831867 57298348
-0.0960612991202346 60053632
-0.0957876344086021 58783048
-0.0955139696969697 60005680
-0.0952403049853372 63367752
-0.0949666402737048 63013660
-0.0946929755620723 64678384
-0.0944193108504399 65500404
-0.0941456461388074 67508872
-0.093871981427175 68213952
-0.0935983167155425 68113624
-0.0933246520039101 71374392
-0.0930509872922776 71418016
-0.0927773225806452 72241536
-0.0925036578690127 73732032
-0.0922299931573803 73948560
-0.0919563284457478 75405008
-0.0916826637341153 77028632
-0.0914089990224829 78836208
-0.0911353343108504 78430544
-0.090861669599218 80133784
-0.0905880048875855 82065376
-0.0903143401759531 80052448
-0.0900406754643206 81887648
-0.0897670107526882 83472392
-0.0894933460410557 85030400
-0.0892196813294233 86447456
-0.0889460166177908 85301496
-0.0886723519061584 88212296
-0.0883986871945259 88220344
-0.0881250224828934 88574528
-0.087851357771261 90033120
-0.0875776930596285 91218480
-0.0873040283479961 91426432
-0.0870303636363636 92156128
-0.0867566989247312 92610704
-0.0864830342130987 94104008
-0.0862093695014663 94310656
-0.0859357047898338 95124048
-0.0856620400782014 95342320
-0.0853883753665689 95753256
-0.0851147106549364 98376064
-0.084841045943304 97293080
-0.0845673812316716 99584392
-0.0842937165200391 97546384
-0.0840200518084066 99769512
-0.0837463870967742 99825856
-0.0834727223851417 101517392
-0.0831990576735093 101347208
-0.0829253929618768 101814384
-0.0826517282502444 101846784
-0.0823780635386119 102426936
-0.0821043988269795 102655912
-0.081830734115347 103120160
-0.0815570694037146 102197664
-0.0812834046920821 103782880
-0.0810097399804497 103982848
-0.0807360752688172 105388880
-0.0804624105571848 104715392
-0.0801887458455523 103962240
-0.0799150811339198 104220712
-0.0796414164222874 105166200
-0.0793677517106549 106573744
-0.0790940869990225 104827408
-0.07882042228739 106346680
-0.0785467575757576 107193280
-0.0782730928641251 107392560
-0.0779994281524927 108033264
-0.0777257634408602 107995840
-0.0774520987292278 108046000
-0.0771784340175953 107712048
-0.0769047693059629 108158960
-0.0766311045943304 108929304
-0.0763574398826979 109396736
-0.0760837751710655 107803776
-0.075810110459433 109868928
-0.0755364457478006 108720048
-0.0752627810361681 110475096
-0.0749891163245357 110490096
-0.0747154516129032 110378976
-0.0744417869012708 109694000
-0.0741681221896383 111690560
-0.0738944574780059 111188048
-0.0736207927663734 111280480
-0.073347128054741 110632560
-0.0730734633431085 111847832
-0.072799798631476 109966328
-0.0725261339198436 112024576
-0.0722524692082111 113272448
-0.0719788044965787 113865088
-0.0717051397849462 113099280
-0.0714314750733138 110851768
-0.0711578103616813 112375376
-0.0708841456500489 113678608
-0.0706104809384164 113468376
-0.070336816226784 112200120
-0.0700631515151515 113881352
-0.0697894868035191 111873088
-0.0695158220918866 112469304
-0.0692421573802541 113690976
-0.0689684926686217 113744120
-0.0686948279569892 115612384
-0.0684211632453568 114836744
-0.0681474985337243 114779000
-0.0678738338220919 115903992
-0.0676001691104594 113886512
-0.067326504398827 115118944
-0.0670528396871945 116012408
-0.0667791749755621 115938192
-0.0665055102639296 115279824
-0.0662318455522972 115430992
-0.0659581808406647 116268160
-0.0656845161290323 116741144
-0.0654108514173998 116091176
-0.0651371867057673 116988656
-0.0648635219941349 115683872
-0.0645898572825024 115863744
-0.06431619257087 116723392
-0.0640425278592375 118047408
-0.0637688631476051 115774032
-0.0634951984359726 118164816
-0.0632215337243402 115455352
-0.0629478690127077 117233776
-0.0626742043010753 118106296
-0.0624005395894428 116518112
-0.0621268748778104 116594944
-0.0618532101661779 118535496
-0.0615795454545454 117126088
-0.061305880742913 117879720
-0.0610322160312805 119102960
-0.0607585513196481 118087832
-0.0604848866080156 118297616
-0.0602112218963832 119524248
-0.0599375571847507 119510240
-0.0596638924731183 120410744
-0.0593902277614858 119298880
-0.0591165630498534 120333440
-0.0588428983382209 120316968
-0.0585692336265885 119109512
-0.058295568914956 120017704
-0.0580219042033236 121596648
-0.0577482394916911 119385768
-0.0574745747800586 119855360
-0.0572009100684262 122596832
-0.0569272453567937 122283552
-0.0566535806451613 119951552
-0.0563799159335288 121256216
-0.0561062512218964 120064864
-0.0558325865102639 120759632
-0.0555589217986315 121152832
-0.055285257086999 123374888
-0.0550115923753666 123298176
-0.0547379276637341 121710224
-0.0544642629521017 122883680
-0.0541905982404692 122824048
-0.0539169335288368 122541672
-0.0536432688172043 122246968
-0.0533696041055718 121110520
-0.0530959393939394 123952784
-0.0528222746823069 122959376
-0.0525486099706745 122771984
-0.052274945259042 122381768
-0.0520012805474096 122865680
-0.0517276158357771 122068280
-0.0514539511241447 124258040
-0.0511802864125122 126200600
-0.0509066217008798 125196704
-0.0506329569892473 123348128
-0.0503592922776148 125701240
-0.0500856275659824 125060528
-0.04981196285435 125268080
-0.0495382981427175 125268352
-0.049264633431085 125047272
-0.0489909687194526 126489160
-0.0487173040078201 125403664
-0.0484436392961877 125741264
-0.0481699745845552 126518064
-0.0478963098729228 126747672
-0.0476226451612903 124825824
-0.0473489804496579 125937448
-0.0470753157380254 126864784
-0.046801651026393 126762096
-0.0465279863147605 126931616
-0.046254321603128 128007264
-0.0459806568914956 127433312
-0.0457069921798631 126375968
-0.0454333274682307 128410880
-0.0451596627565982 126709160
-0.0448859980449658 128565112
-0.0446123333333333 128400704
-0.0443386686217009 129210104
-0.0440650039100684 127351224
-0.043791339198436 129325952
-0.0435176744868035 127747456
-0.0432440097751711 128717064
-0.0429703450635386 129474384
-0.0426966803519061 128512096
-0.0424230156402737 130190664
-0.0421493509286412 130465352
-0.0418756862170088 129240176
-0.0416020215053763 130207648
-0.0413283567937439 130930664
-0.0410546920821114 130168064
-0.040781027370479 129817256
-0.0405073626588465 131661880
-0.0402336979472141 129692760
-0.0399600332355816 131923920
-0.0396863685239492 130862480
-0.0394127038123167 131822592
-0.0391390391006843 131242840
-0.0388653743890518 131894104
-0.0385917096774193 133163136
-0.0383180449657869 132044680
-0.0380443802541545 133223720
-0.037770715542522 132169776
-0.0374970508308895 133489784
-0.0372233861192571 132396600
-0.0369497214076246 134655440
-0.0366760566959922 134427328
-0.0364023919843597 133968784
-0.0361287272727273 132952112
-0.0358550625610948 135828032
-0.0355813978494624 137072992
-0.0353077331378299 134486976
-0.0350340684261975 136299872
-0.034760403714565 137072560
-0.0344867390029325 135812016
-0.0342130742913001 136018768
-0.0339394095796676 135758336
-0.0336657448680352 135402560
-0.0333920801564027 137925488
-0.0331184154447703 137396976
-0.0328447507331378 138985824
-0.0325710860215054 136910864
-0.0322974213098729 137845120
-0.0320237565982405 138041696
-0.031750091886608 136461584
-0.0314764271749755 139515136
-0.0312027624633431 138722768
-0.0309290977517107 139725952
-0.0306554330400782 138430528
-0.0303817683284457 139999920
-0.0301081036168133 138487200
-0.0298344389051808 139617424
-0.0295607741935484 139406944
-0.0292871094819159 140278144
-0.0290134447702835 139162512
-0.028739780058651 142053616
-0.0284661153470186 140905408
-0.0281924506353861 140499456
-0.0279187859237537 141125120
-0.0276451212121212 142213808
-0.0273714565004888 144388304
-0.0270977917888563 144358800
-0.0268241270772238 144590416
-0.0265504623655914 144470752
-0.0262767976539589 145949712
-0.0260031329423265 144489344
-0.025729468230694 145445120
-0.0254558035190616 147730816
-0.0251821388074291 147933152
-0.0249084740957967 147472176
-0.0246348093841642 146509888
-0.0243611446725318 148616832
-0.0240874799608993 149470960
-0.0238138152492668 149782096
-0.0235401505376344 151146192
-0.023266485826002 152533488
-0.0229928211143695 153045376
-0.022719156402737 153257952
-0.0224454916911046 151692464
-0.0221718269794721 154507760
-0.0218981622678397 154944928
-0.0216244975562072 155384864
-0.0213508328445748 157955648
-0.0210771681329423 157459776
-0.0208035034213099 160006080
-0.0205298387096774 159590160
-0.020256173998045 161589744
-0.0199825092864125 162277424
-0.01970884457478 163261440
-0.0194351798631476 165864016
-0.0191615151515152 166825904
-0.0188878504398827 166825216
-0.0186141857282502 168654752
-0.0183405210166178 170598576
-0.0180668563049853 172964976
-0.0177931915933529 174411776
-0.0175195268817204 176992464
-0.017245862170088 176513232
-0.0169721974584555 179425024
-0.0166985327468231 180233712
-0.0164248680351906 183896480
-0.0161512033235582 184756288
-0.0158775386119257 186442624
-0.0156038739002932 190799920
-0.0153302091886608 191265712
-0.0150565444770283 193030768
-0.0147828797653959 196080880
-0.0145092150537634 198944688
-0.014235550342131 200638176
-0.0139618856304985 203105600
-0.0136882209188661 206504560
-0.0134145562072336 207308416
-0.0131408914956012 211202416
-0.0128672267839687 215049760
-0.0125935620723363 217841840
-0.0123198973607038 219735616
-0.0120462326490714 222469760
-0.0117725679374389 225748336
-0.0114989032258064 230130752
-0.011225238514174 232873696
-0.0109515738025415 234062576
-0.0106779090909091 238293488
-0.0104042443792766 241465904
-0.0101305796676442 245102304
-0.00985691495601174 249121856
-0.00958325024437928 252701744
-0.0093095855327468 255747104
-0.00903592082111437 259917152
-0.00876225610948192 263226080
-0.00848859139784944 267742960
-0.00821492668621701 270309888
-0.00794126197458456 274394080
-0.00766759726295207 279879264
-0.00739393255131965 281117312
-0.00712026783968719 285948864
-0.00684660312805474 290014464
-0.00657293841642229 294066944
-0.00629927370478983 299325856
-0.00602560899315738 301389696
-0.00575194428152492 304703872
-0.00547827956989247 310364832
-0.00520461485826001 314040128
-0.00493095014662756 317276192
-0.00465728543499511 322178624
-0.00438362072336265 326197408
-0.0041099560117302 329738336
-0.00383629130009774 334046368
-0.00356262658846529 338222432
-0.00328896187683284 343062336
-0.00301529716520038 347137856
-0.00274163245356793 350892736
-0.00246796774193547 354286912
-0.00219430303030302 356611520
-0.00192063831867056 363526240
-0.00164697360703811 367136384
-0.00137330889540566 370268672
-0.0010996441837732 372719264
-0.000825979472140775 379407552
-0.000552314760508293 381042848
-0.000278650048875839 385835136
-4.98533724341277e-06 389157120
0.000268679374389069 392708096
0.000542344086021523 396061920
0.00081600879765395 399782272
0.00108967350928643 403294720
0.00136333822091889 406976032
0.00163700293255131 411050976
0.00191066764418379 414019456
0.00218433235581622 416700128
0.00245799706744868 421146240
0.00273166177908116 425587680
0.00300532649071358 427012768
0.00327899120234604 430657152
0.00355265591397852 433261952
0.00382632062561095 437308480
0.0040999853372434 438636960
0.00437365004887588 440333472
0.00464731476050831 444361152
0.00492097947214076 445943968
0.00519464418377324 450514144
0.00546830889540567 451596960
0.00574197360703813 453019488
0.00601563831867058 455098272
0.00628930303030303 457203200
0.00656296774193549 459338752
0.00683663245356794 461495360
0.0071102971652004 462675520
0.00738396187683285 464819168
0.0076576265884653 465775648
0.00793129130009776 468486816
0.00820495601173021 469237856
0.00847862072336267 470408448
0.00875228543499512 471624160
0.00902595014662758 472234464
0.00929961485826003 475290336
0.00957327956989248 475693344
0.00984694428152494 475198688
0.0101206089931574 476944864
0.0103942737047898 477918464
0.0106679384164223 478988736
0.0109416031280548 479313728
0.0112152678396872 480404320
0.0114889325513197 479524544
0.0117625972629521 481396768
0.0120362619745845 480591552
0.012309926686217 480882976
0.0125835913978495 480393248
0.0128572561094819 479424672
0.0131309208211144 481347872
0.0134045855327468 479648384
0.0136782502443793 480394656
0.0139519149560118 479776800
0.0142255796676442 479035520
0.0144992443792766 478063968
0.0147729090909091 477430464
0.0150465738025415 477363328
0.015320238514174 476202592
0.0155939032258065 472841632
0.0158675679374389 472749024
0.0161412326490714 472847648
0.0164148973607038 471615712
0.0166885620723363 470040736
0.0169622267839687 467712960
0.0172358914956012 465964640
0.0175095562072336 464015648
0.0177832209188661 462851200
0.0180568856304985 461057344
0.018330550342131 460435232
0.0186042150537634 457932384
0.0188778797653959 455723936
0.0191515444770284 452996608
0.0194252091886608 451646592
0.0196988739002933 450291584
0.0199725386119257 447743712
0.0202462033235582 443735008
0.0205198680351906 444704352
0.0207935327468231 440409952
0.0210671974584555 436858048
0.021340862170088 434759744
0.0216145268817204 431528480
0.0218881915933529 429068640
0.0221618563049854 427197984
0.0224355210166178 422325984
0.0227091857282503 420169216
0.0229828504398827 417687104
0.0232565151515152 413915200
0.0235301798631476 411590624
0.0238038445747801 410127392
0.0240775092864125 405735360
0.024351173998045 401483328
0.0246248387096774 397992896
0.0248985034213099 395958816
0.0251721681329423 393107776
0.0254458328445748 388560480
0.0257194975562072 385678176
0.0259931622678397 380854592
0.0262668269794721 377359424
0.0265404916911046 374237088
0.0268141564027371 369786080
0.0270878211143695 367329440
0.027361485826002 363113568
0.0276351505376344 360974880
0.0279088152492669 357313056
0.0281824799608993 353447680
0.0284561446725318 350233760
0.0287298093841642 345835552
0.0290034740957967 342711488
0.0292771388074292 339550112
0.0295508035190616 335211104
0.029824468230694 332044064
0.0300981329423265 327780320
0.0303717976539589 324844128
0.0306454623655914 321428256
0.0309191270772239 317043072
0.0311927917888563 314845600
0.0314664565004888 311822176
0.0317401212121212 308854848
0.0320137859237537 304431392
0.0322874506353861 301692000
0.0325611153470186 298130144
0.032834780058651 296261600
0.0331084447702835 292584608
0.0333821094819159 289146464
0.0336557741935484 286267200
0.0339294389051809 282561952
0.0342031036168133 280548128
0.0344767683284458 278250944
0.0347504330400782 275299456
0.0350240977517107 273863488
0.0352977624633431 270491904
0.0355714271749756 268544224
0.035845091886608 266153120
0.0361187565982405 264464736
0.0363924213098729 261413696
0.0366660860215054 259974944
0.0369397507331378 257772272
0.0372134154447703 254169952
0.0374870801564028 254599248
0.0377607448680352 251093392
0.0380344095796677 249411744
0.0383080742913001 248520976
0.0385817390029325 247503424
0.038855403714565 246177520
0.0391290684261975 245348688
0.0394027331378299 243133856
0.0396763978494624 242529664
0.0399500625610948 242149872
0.0402237272727273 240783600
0.0404973919843598 239014288
0.0407710566959922 238403568
0.0410447214076246 238306864
0.0413183861192571 236864144
0.0415920508308895 236446208
0.041865715542522 236206496
0.0421393802541545 235036224
0.0424130449657869 237153120
0.0426867096774194 235846240
0.0429603743890518 234573744
0.0432340391006843 235226080
0.0435077038123167 235423344
0.0437813685239492 235520368
0.0440550332355816 237784096
0.0443286979472141 237587280
0.0446023626588465 235720000
0.044876027370479 234713280
0.0451496920821114 237136384
0.0454233567937439 237704528
0.0456970215053764 238466720
0.0459706862170088 238176464
0.0462443509286413 238497312
0.0465180156402737 240449008
0.0467916803519062 241198944
0.0470653450635386 242340688
0.0473390097751711 240778672
0.0476126744868035 243317616
0.047886339198436 245705424
0.0481600039100684 243763856
0.0484336686217009 246144672
0.0487073333333334 246743536
0.0489809980449658 247463904
0.0492546627565983 249361888
0.0495283274682307 249116464
0.0498019921798631 253005328
0.0500756568914956 252093440
0.0503493216031281 252839856
0.0506229863147605 255197584
0.050896651026393 254352128
0.0511703157380254 255626000
0.0514439804496579 258208816
0.0517176451612903 257490816
0.0519913098729228 259449152
0.0522649745845552 262692672
0.0525386392961877 261478704
0.0528123040078201 262922960
0.0530859687194526 264388240
0.0533596334310851 265853040
0.0536332981427175 266590560
0.05390696285435 267967024
0.0541806275659824 268391280
0.0544542922776149 268564160
0.0547279569892473 271625504
0.0550016217008798 269621760
0.0552752864125122 272501664
0.0555489511241447 274398912
0.0558226158357771 274885344
0.0560962805474096 276444480
0.056369945259042 276909376
0.0566436099706745 276883744
0.056917274682307 278231296
0.0571909393939394 278628544
0.0574646041055719 280862976
0.0577382688172043 282520832
0.0580119335288368 282263296
0.0582855982404692 283486496
0.0585592629521017 284137472
0.0588329276637341 284927040
0.0591065923753666 286957792
0.059380257086999 286629440
0.0596539217986315 287503840
0.0599275865102639 287161376
0.0602012512218964 287984672
0.0604749159335289 289608160
0.0607485806451613 290070464
0.0610222453567937 290317376
0.0612959100684262 291368160
0.0615695747800587 292364928
0.0618432394916911 291819456
0.0621169042033236 294711584
0.062390568914956 293318464
0.0626642336265885 294662912
0.0629378983382209 296814912
0.0632115630498534 296780128
0.0634852277614858 298023808
0.0637588924731183 298449696
0.0640325571847507 297288832
0.0643062218963832 299801472
0.0645798866080157 299359424
0.0648535513196481 300375104
0.0651272160312805 299605792
0.065400880742913 301327296
0.0656745454545455 302337472
0.0659482101661779 303461664
0.0662218748778104 303203680
0.0664955395894428 304922752
0.0667692043010753 304729184
0.0670428690127077 305941792
0.0673165337243402 306855648
0.0675901984359726 308334784
0.0678638631476051 308223904
0.0681375278592375 309287232
0.06841119257087 308593984
0.0686848572825025 310884672
0.0689585219941349 311408352
0.0692321867057674 311501696
0.0695058514173998 312769248
0.0697795161290323 312590528
0.0700531808406647 314871232
0.0703268455522972 315779008
0.0706005102639296 314050912
0.0708741749755621 315751680
0.0711478396871945 317657472
0.071421504398827 317890880
0.0716951691104595 317493408
0.0719688338220919 319759392
0.0722424985337243 319063168
0.0725161632453568 320727360
0.0727898279569893 318575296
0.0730634926686217 320816544
0.0733371573802542 321145440
0.0736108220918866 321846080
0.0738844868035191 322696096
0.0741581515151515 322661504
0.074431816226784 324268832
0.0747054809384164 323298816
0.0749791456500489 325751136
0.0752528103616813 325986848
0.0755264750733138 325991936
0.0758001397849463 325446368
0.0760738044965787 326100608
0.0763474692082111 326267136
0.0766211339198436 326141120
0.0768947986314761 327599040
0.0771684633431085 325315936
0.077442128054741 327349600
0.0777157927663734 326969632
0.0779894574780059 325548064
0.0782631221896384 328574496
0.0785367869012708 327802944
0.0788104516129032 325699328
0.0790841163245357 325760064
0.0793577810361681 327496256
0.0796314457478006 325221504
0.079905110459433 324084544
0.0801787751710655 324243648
0.080452439882698 323748256
0.0807261045943304 323115712
0.0809997693059629 320396928
0.0812734340175953 321008352
0.0815470987292278 319279808
0.0818207634408602 317898112
0.0820944281524927 317240448
0.0823680928641251 316539936
0.0826417575757576 313944576
0.08291542228739 313023456
0.0831890869990225 309654144
0.083462751710655 310263488
0.0837364164222874 307965344
0.0840100811339199 306160096
0.0842837458455523 304814432
0.0845574105571848 303003648
0.0848310752688172 300887744
0.0851047399804497 298202176
0.0853784046920821 295463200
0.0856520694037146 293412864
0.085925734115347 288850752
0.0861993988269795 287989152
0.0864730635386119 283926528
0.0867467282502444 281038944
0.0870203929618769 277765536
0.0872940576735093 274756832
0.0875677223851417 273090720
0.0878413870967742 269517088
0.0881150518084066 266207184
0.0883887165200391 261646160
0.0886623812316716 260808464
0.088936045943304 256532640
0.0892097106549365 252463536
0.0894833753665689 248718784
0.0897570400782014 244659552
0.0900307047898338 242134800
0.0903043695014663 237227504
0.0905780342130987 231944704
0.0908516989247312 230016048
0.0911253636363636 225224320
0.0913990283479961 220707200
0.0916726930596286 216392544
0.091946357771261 211991136
0.0922200224828935 208149920
0.0924936871945259 203819424
0.0927673519061584 198902304
0.0930410166177908 194524416
0.0933146813294233 192345664
0.0935883460410557 186232160
0.0938620107526882 181838080
0.0941356754643206 176726112
0.0944093401759531 172354432
0.0946830048875855 170412256
0.094956669599218 164581008
0.0952303343108505 160022512
0.0955039990224829 154685104
0.0957776637341154 151056224
0.0960513284457478 147030336
0.0963249931573803 143054576
0.0965986578690127 136866320
0.0968723225806452 131995040
0.0971459872922776 129466184
0.0974196520039101 125109664
0.0976933167155425 121122280
0.097966981427175 116710136
0.0982406461388075 113478832
0.0985143108504399 109542432
0.0987879755620723 104686952
0.0990616402737048 100847152
0.0993353049853372 98279352
0.0996089696969697 94262848
0.0998826344086022 91674416
0.100156299120235 87666744
0.100429963831867 84260144
0.1007036285435 80177208
0.100977293255132 77894720
0.101250957966764 72948144
0.101524622678397 71979768
0.101798287390029 66836472
0.102071952101662 65103536
0.102345616813294 62420088
0.102619281524927 59168144
0.102892946236559 57196912
0.103166610948192 54960552
0.103440275659824 51542584
0.103713940371457 47196652
0.103987605083089 46949724
0.104261269794721 45056760
0.104534934506354 39004472
0.104808599217986 40058792
0.105082263929619 35947288
0.105355928641251 35338104
0.105629593352884 32780946
0.105903258064516 31526740
0.106176922776149 30444600
0.106450587487781 28368518
0.106724252199414 26492888
0.106997916911046 26383900
0.107271581622678 23588866
0.107545246334311 21658828
0.107818911045943 20941580
0.108092575757576 19054544
0.108366240469208 17378772
0.108639905180841 16301026
0.108913569892473 17443518
0.109187234604106 13235225
0.109460899315738 14568775
0.109734564027371 14837451
0.110008228739003 12211217
0.110281893450635 10785423
0.110555558162268 10992956
0.1108292228739 10440409
0.111102887585533 8472171
0.111376552297165 7678084
0.111650217008798 6525811
0.11192388172043 7571389
0.112197546432063 7264622
0.112471211143695 6016529
0.112744875855327 5808131
0.11301854056696 5941263
0.113292205278592 5290412
0.113565869990225 2749377
0.113839534701857 4769817
0.11411319941349 3442397
0.114386864125122 1990245
0.114660528836755 2512840
0.114934193548387 2238678
0.11520785826002 2870506
0.115481522971652 2453825
0.115755187683284 856438
0.116028852394917 1572904
0.116302517106549 -584634
0.116576181818182 1022229
0.116849846529814 459313
0.117123511241447 1707487
0.117397175953079 33344
0.117670840664712 669007
0.117944505376344 817416
0.118218170087977 1118303
0.118491834799609 648663
0.118765499511241 1297351
0.119039164222874 -664318
0.119312828934506 895994
0.119586493646139 597102
0.119860158357771 649053
0.120133823069404 518296
0.120407487781036 260227
0.120681152492669 -1937176
0.120954817204301 -660219
0.121228481915934 512206
0.121502146627566 -536436
0.121775811339198 600889
0.122049476050831 482581
0.122323140762463 30924
0.122596805474096 194022
0.122870470185728 -992906
0.123144134897361 -1638959
0.123417799608993 -431385
0.123691464320626 -1638870
0.123965129032258 -363473
0.124238793743891 69094
0.124512458455523 -1860305
0.124786123167155 -1327591
0.125059787878788 -670010
0.12533345259042 -459885
0.125607117302053 -2279975
0.125880782013685 -818190
0.126154446725318 126401
0.12642811143695 -272061
0.126701776148583 -684585
0.126975440860215 -1917066
0.127249105571848 -837048
0.12752277028348 105846
0.127796434995112 231085
0.128070099706745 -1706704
0.128343764418377 -2322381
0.12861742913001 -1266781
0.128891093841642 -1426712
0.129164758553275 293673
0.129438423264907 -713246
0.12971208797654 -708640
0.129985752688172 -1897749
0.130259417399805 93227
0.130533082111437 -1124126
0.130806746823069 -1793474
0.131080411534702 -1107729
0.131354076246334 -2538943
0.131627740957967 -1690535
0.131901405669599 -1386888
0.132175070381232 -1396928
0.132448735092864 -1032582
0.132722399804497 -2396692
0.132996064516129 -13980
0.133269729227761 -1307209
0.133543393939394 -1389830
0.133817058651026 -1141153
0.134090723362659 -1925034
0.134364388074291 -282556
0.134638052785924 -2379033
0.134911717497556 -1026733
0.135185382209189 -1432899
0.135459046920821 -595306
0.135732711632454 -1426687
0.136006376344086 -912615
0.136280041055718 -268576
0.136553705767351 -2571352
0.136827370478983 -1299947
0.137101035190616 -1195899
0.137374699902248 -2295831
0.137648364613881 -1178050
0.137922029325513 -2455137
0.138195694037146 -23566
0.138469358748778 -384759
0.138743023460411 -685593
0.139016688172043 -1066324
0.139290352883675 -1034160
0.139564017595308 -1372186
0.13983768230694 -770572
0.140111347018573 -1180431
0.140385011730205 537196
0.140658676441838 -717829
0.14093234115347 -2903456
0.141206005865103 -472521
0.141479670576735 -2171441
0.141753335288368 -1632628
0.142027 -1488965
