9.237019000000000091e+00
9.245627999999999957e+00
9.255290999999999713e+00
9.264564000000000021e+00
9.274067000000000505e+00
9.283683999999999159e+00
9.292737000000000691e+00
9.302593999999999141e+00
9.312340999999999980e+00
9.321923999999999211e+00
9.331326000000000676e+00
9.340355999999999881e+00
9.350009000000000015e+00
9.359190999999999150e+00
9.368430000000000035e+00
9.377933000000000519e+00
9.387487000000000137e+00
9.396769000000000815e+00
9.406769000000000602e+00
9.416458999999999691e+00
9.424416000000000793e+00
9.434668000000000276e+00
9.444656999999999414e+00
9.454487999999999559e+00
9.464048000000000016e+00
9.472618999999999900e+00
9.482737000000000194e+00
9.492927999999999145e+00
9.502936999999999301e+00
9.512641999999999598e+00
9.522994000000000625e+00
9.531703999999999510e+00
9.541280000000000427e+00
9.550713999999999260e+00
9.560238000000000014e+00
9.569414999999999338e+00
9.578573000000000448e+00
9.588343999999999312e+00
9.598077999999999221e+00
9.607706000000000301e+00
9.616894000000000275e+00
9.627010000000000289e+00
9.636789999999999523e+00
9.646587000000000245e+00
9.655832999999999444e+00
9.665188000000000557e+00
9.674799999999999400e+00
9.684421000000000390e+00
9.693763000000000574e+00
9.703288000000000579e+00
9.712540999999999869e+00
9.722301999999999111e+00
9.731761999999999802e+00
9.741175000000000139e+00
9.750747999999999749e+00
9.759930999999999912e+00
9.769550999999999874e+00
9.778949000000000780e+00
9.788460999999999856e+00
9.797425000000000495e+00
