2.073552425665101409e+07
2.073552425665101409e+07
2.151799687010952830e+07
2.230046948356810212e+07
2.308294209702661633e+07
2.386541471048513055e+07
2.464788732394364476e+07
2.543035993740221858e+07
2.699530516431924701e+07
2.777777777777776122e+07
2.934272300469484925e+07
3.090766823161187768e+07
3.169014084507045150e+07
3.169014084507045150e+07
3.403755868544599414e+07
3.638497652582159638e+07
3.873239436619719863e+07
4.029733959311422706e+07
4.264475743348982930e+07
4.420970266040691733e+07
4.655712050078245997e+07
4.733959311424103379e+07
4.655712050078245997e+07
4.577464788732394576e+07
4.499217527386543155e+07
4.499217527386543155e+07
4.499217527386543155e+07
4.577464788732394576e+07
4.733959311424103379e+07
4.968701095461657643e+07
5.281690140845069289e+07
5.359937402190920711e+07
5.281690140845069289e+07
5.046948356807509065e+07
4.812206572769954801e+07
4.420970266040691733e+07
4.107981220657280087e+07
3.873239436619719863e+07
3.716744913928011060e+07
3.794992175273868442e+07
3.873239436619719863e+07
4.029733959311422706e+07
4.029733959311422706e+07
3.951486697965571284e+07
3.873239436619719863e+07
3.716744913928011060e+07
3.560250391236308217e+07
3.325508607198747993e+07
3.090766823161187768e+07
3.012519561815336347e+07
3.012519561815336347e+07
2.934272300469484925e+07
2.856025039123633504e+07
2.699530516431924701e+07
2.543035993740218878e+07
2.464788732394364476e+07
2.308294209702661633e+07
2.151799687010952830e+07
2.073552425665101409e+07
2.073552425665101409e+07
